49.998367
382.140000
22.308571
120.720544
1218.037551
155.324082
230.844082
78.445714
31.294694
339.984000
28.238367
94.981224
414.396000
10.684082
196.989388
157.857959
45.400816
528.372000
63.252000
131.239184
61.968000
18.336000
85.848000
26.448000
34.752000
30.216000
21.864000
66.504000
59.040000
975.880000
83.928000
101.112000
387.072000
22.800000
65.760000
19.296000
18.456000
87.816000
28.824000
30.624000
173.400000
78.480000
31.680000
62.760000
30.696000
59.472000
53.856000
48.072000
19.968000
8.568000
15.888000
108.768000
